solid PythonSCAD_Model
  facet normal 0.5257311121191334 -0.85065080835204 4.669430283491615e-16
    outer loop
      vertex -15.708203932499366 5.999999999999999 0
      vertex 0 15.708203932499366 5.999999999999999
      vertex -9.70820393249937 9.70820393249937 9.70820393249937
    endloop
  endfacet
  facet normal 0.5257311121191335 -0.8506508083520399 0
    outer loop
      vertex -15.708203932499366 5.999999999999999 0
      vertex 0 15.708203932499366 -5.999999999999999
      vertex 0 15.708203932499366 5.999999999999999
    endloop
  endfacet
  facet normal 0.5257311121191335 -0.8506508083520401 -3.1129535223277435e-16
    outer loop
      vertex 0 15.708203932499366 -5.999999999999999
      vertex -15.708203932499366 5.999999999999999 0
      vertex -9.70820393249937 9.70820393249937 -9.70820393249937
    endloop
  endfacet
  facet normal -0.5257311121191335 -0.8506508083520401 3.1129535223277435e-16
    outer loop
      vertex 0 15.708203932499366 5.999999999999999
      vertex 15.708203932499366 5.999999999999999 0
      vertex 9.70820393249937 9.70820393249937 9.70820393249937
    endloop
  endfacet
  facet normal -0.5257311121191335 -0.8506508083520399 0
    outer loop
      vertex 0 15.708203932499366 -5.999999999999999
      vertex 15.708203932499366 5.999999999999999 0
      vertex 0 15.708203932499366 5.999999999999999
    endloop
  endfacet
  facet normal -0.5257311121191334 -0.85065080835204 -4.669430283491615e-16
    outer loop
      vertex 15.708203932499366 5.999999999999999 0
      vertex 0 15.708203932499366 -5.999999999999999
      vertex 9.70820393249937 9.70820393249937 -9.70820393249937
    endloop
  endfacet
  facet normal 0.5257311121191335 0.8506508083520401 3.1129535223277435e-16
    outer loop
      vertex 0 -15.708203932499366 5.999999999999999
      vertex -15.708203932499366 -5.999999999999999 0
      vertex -9.70820393249937 -9.70820393249937 9.70820393249937
    endloop
  endfacet
  facet normal 0.5257311121191335 0.8506508083520399 0
    outer loop
      vertex 0 -15.708203932499366 -5.999999999999999
      vertex -15.708203932499366 -5.999999999999999 0
      vertex 0 -15.708203932499366 5.999999999999999
    endloop
  endfacet
  facet normal 0.5257311121191334 0.85065080835204 -4.669430283491615e-16
    outer loop
      vertex -15.708203932499366 -5.999999999999999 0
      vertex 0 -15.708203932499366 -5.999999999999999
      vertex -9.70820393249937 -9.70820393249937 -9.70820393249937
    endloop
  endfacet
  facet normal -0.5257311121191334 0.85065080835204 4.669430283491615e-16
    outer loop
      vertex 15.708203932499366 -5.999999999999999 0
      vertex 0 -15.708203932499366 5.999999999999999
      vertex 9.70820393249937 -9.70820393249937 9.70820393249937
    endloop
  endfacet
  facet normal -0.5257311121191335 0.8506508083520399 0
    outer loop
      vertex 15.708203932499366 -5.999999999999999 0
      vertex 0 -15.708203932499366 -5.999999999999999
      vertex 0 -15.708203932499366 5.999999999999999
    endloop
  endfacet
  facet normal -0.5257311121191335 0.8506508083520401 -3.1129535223277435e-16
    outer loop
      vertex 0 -15.708203932499366 -5.999999999999999
      vertex 15.708203932499366 -5.999999999999999 0
      vertex 9.70820393249937 -9.70820393249937 -9.70820393249937
    endloop
  endfacet
  facet normal 4.669430283491615e-16 0.5257311121191334 -0.85065080835204
    outer loop
      vertex 0 -15.708203932499366 5.999999999999999
      vertex 5.999999999999999 0 15.708203932499366
      vertex 9.70820393249937 -9.70820393249937 9.70820393249937
    endloop
  endfacet
  facet normal 0 0.5257311121191335 -0.8506508083520399
    outer loop
      vertex 0 -15.708203932499366 5.999999999999999
      vertex -5.999999999999999 0 15.708203932499366
      vertex 5.999999999999999 0 15.708203932499366
    endloop
  endfacet
  facet normal -3.1129535223277435e-16 0.5257311121191335 -0.8506508083520401
    outer loop
      vertex -5.999999999999999 0 15.708203932499366
      vertex 0 -15.708203932499366 5.999999999999999
      vertex -9.70820393249937 -9.70820393249937 9.70820393249937
    endloop
  endfacet
  facet normal 3.1129535223277435e-16 -0.5257311121191335 -0.8506508083520401
    outer loop
      vertex 5.999999999999999 0 15.708203932499366
      vertex 0 15.708203932499366 5.999999999999999
      vertex 9.70820393249937 9.70820393249937 9.70820393249937
    endloop
  endfacet
  facet normal 0 -0.5257311121191335 -0.8506508083520399
    outer loop
      vertex -5.999999999999999 0 15.708203932499366
      vertex 0 15.708203932499366 5.999999999999999
      vertex 5.999999999999999 0 15.708203932499366
    endloop
  endfacet
  facet normal -4.669430283491615e-16 -0.5257311121191334 -0.85065080835204
    outer loop
      vertex 0 15.708203932499366 5.999999999999999
      vertex -5.999999999999999 0 15.708203932499366
      vertex -9.70820393249937 9.70820393249937 9.70820393249937
    endloop
  endfacet
  facet normal 3.1129535223277435e-16 0.5257311121191335 0.8506508083520401
    outer loop
      vertex 5.999999999999999 0 -15.708203932499366
      vertex 0 -15.708203932499366 -5.999999999999999
      vertex 9.70820393249937 -9.70820393249937 -9.70820393249937
    endloop
  endfacet
  facet normal 0 0.5257311121191335 0.8506508083520399
    outer loop
      vertex -5.999999999999999 0 -15.708203932499366
      vertex 0 -15.708203932499366 -5.999999999999999
      vertex 5.999999999999999 0 -15.708203932499366
    endloop
  endfacet
  facet normal -4.669430283491615e-16 0.5257311121191334 0.85065080835204
    outer loop
      vertex 0 -15.708203932499366 -5.999999999999999
      vertex -5.999999999999999 0 -15.708203932499366
      vertex -9.70820393249937 -9.70820393249937 -9.70820393249937
    endloop
  endfacet
  facet normal 4.669430283491615e-16 -0.5257311121191334 0.85065080835204
    outer loop
      vertex 0 15.708203932499366 -5.999999999999999
      vertex 5.999999999999999 0 -15.708203932499366
      vertex 9.70820393249937 9.70820393249937 -9.70820393249937
    endloop
  endfacet
  facet normal 0 -0.5257311121191335 0.8506508083520399
    outer loop
      vertex 0 15.708203932499366 -5.999999999999999
      vertex -5.999999999999999 0 -15.708203932499366
      vertex 5.999999999999999 0 -15.708203932499366
    endloop
  endfacet
  facet normal -3.1129535223277435e-16 -0.5257311121191335 0.8506508083520401
    outer loop
      vertex -5.999999999999999 0 -15.708203932499366
      vertex 0 15.708203932499366 -5.999999999999999
      vertex -9.70820393249937 9.70820393249937 -9.70820393249937
    endloop
  endfacet
  facet normal -0.85065080835204 4.669430283491615e-16 0.5257311121191334
    outer loop
      vertex 5.999999999999999 0 -15.708203932499366
      vertex 15.708203932499366 5.999999999999999 0
      vertex 9.70820393249937 9.70820393249937 -9.70820393249937
    endloop
  endfacet
  facet normal -0.8506508083520399 0 0.5257311121191335
    outer loop
      vertex 5.999999999999999 0 -15.708203932499366
      vertex 15.708203932499366 -5.999999999999999 0
      vertex 15.708203932499366 5.999999999999999 0
    endloop
  endfacet
  facet normal -0.8506508083520401 -3.1129535223277435e-16 0.5257311121191335
    outer loop
      vertex 15.708203932499366 -5.999999999999999 0
      vertex 5.999999999999999 0 -15.708203932499366
      vertex 9.70820393249937 -9.70820393249937 -9.70820393249937
    endloop
  endfacet
  facet normal -0.8506508083520401 3.1129535223277435e-16 -0.5257311121191335
    outer loop
      vertex 15.708203932499366 5.999999999999999 0
      vertex 5.999999999999999 0 15.708203932499366
      vertex 9.70820393249937 9.70820393249937 9.70820393249937
    endloop
  endfacet
  facet normal -0.8506508083520399 0 -0.5257311121191335
    outer loop
      vertex 15.708203932499366 -5.999999999999999 0
      vertex 5.999999999999999 0 15.708203932499366
      vertex 15.708203932499366 5.999999999999999 0
    endloop
  endfacet
  facet normal -0.85065080835204 -4.669430283491615e-16 -0.5257311121191334
    outer loop
      vertex 5.999999999999999 0 15.708203932499366
      vertex 15.708203932499366 -5.999999999999999 0
      vertex 9.70820393249937 -9.70820393249937 9.70820393249937
    endloop
  endfacet
  facet normal 0.8506508083520401 3.1129535223277435e-16 0.5257311121191335
    outer loop
      vertex -15.708203932499366 5.999999999999999 0
      vertex -5.999999999999999 0 -15.708203932499366
      vertex -9.70820393249937 9.70820393249937 -9.70820393249937
    endloop
  endfacet
  facet normal 0.8506508083520399 0 0.5257311121191335
    outer loop
      vertex -15.708203932499366 -5.999999999999999 0
      vertex -5.999999999999999 0 -15.708203932499366
      vertex -15.708203932499366 5.999999999999999 0
    endloop
  endfacet
  facet normal 0.85065080835204 -4.669430283491615e-16 0.5257311121191334
    outer loop
      vertex -5.999999999999999 0 -15.708203932499366
      vertex -15.708203932499366 -5.999999999999999 0
      vertex -9.70820393249937 -9.70820393249937 -9.70820393249937
    endloop
  endfacet
  facet normal 0.85065080835204 4.669430283491615e-16 -0.5257311121191334
    outer loop
      vertex -5.999999999999999 0 15.708203932499366
      vertex -15.708203932499366 5.999999999999999 0
      vertex -9.70820393249937 9.70820393249937 9.70820393249937
    endloop
  endfacet
  facet normal 0.8506508083520399 0 -0.5257311121191335
    outer loop
      vertex -5.999999999999999 0 15.708203932499366
      vertex -15.708203932499366 -5.999999999999999 0
      vertex -15.708203932499366 5.999999999999999 0
    endloop
  endfacet
  facet normal 0.8506508083520401 -3.1129535223277435e-16 -0.5257311121191335
    outer loop
      vertex -15.708203932499366 -5.999999999999999 0
      vertex -5.999999999999999 0 15.708203932499366
      vertex -9.70820393249937 -9.70820393249937 9.70820393249937
    endloop
  endfacet
endsolid PythonSCAD_Model
